MACHINE:3,MachineC,20.000000,25.000000,10.000000,75.000000,80,13
MACHINE:2,MachineB,15.000000,45.000000,25.000000,60.000000,50,5
MACHINE:1,MachineA,10.000000,50.000000,30.000000,70.000000,100,10
